cpu  5502487 1417100 4379831 62829678 354709 539972 363929 0 0 0
cpu0 611411 171363 667442 7404799 61301 253898 205544 0 0 0
cpu1 660993 192673 571402 7853047 39647 49434 29179 0 0 0
cpu2 666965 186509 576296 7853110 39012 48973 26407 0 0 0
cpu3 657630 183343 573805 7863627 38895 48768 26636 0 0 0
cpu4 620516 161440 594973 7899146 39438 47605 26467 0 0 0
cpu5 610849 155665 594684 7912479 40258 46870 26044 0 0 0
cpu6 857685 92294 387182 8096756 46609 22110 12364 0 0 0
cpu7 816434 273809 414043 7946709 49546 22311 11284 0 0 0
intr 601715486 0 0 0 0 70612466 0 2949552 0 93228 0 0 0 0 0 0 0 0 0 0 0 0 0 0 0 0 0 0 0 0 0 12862684 625329 10382717 16209 55315 8510 0 0 0 0 11 11 13 270 192 40694 95 7 0 0 0 36850 0 0 0 0 0 3 0 0 0 0 0 0 0 0 0 0 0 0 0 0 0 286 6378 0 0 0 54 0 3239423 2575191 82725 0 0 127 0 0 0 1791277 850609 20 9076504 0 301 0 0 0 0 0 3834621 0 0 0 0 0 0 0 0 0 2 0 0 0 0 0 0 0 0 0 0 0 0 0 0 0 0 0 0 0 0 0 0 0 0 0 0 0 0 0 0 0 0 0 0 0 0 0 0 0 0 0 0 0 0 0 0 0 0 0 0 0 0 0 0 0 0 0 0 0 0 0 0 0 0 0 0 0 0 0 0 0 806645 0 0 0 0 0 7243 0 0 0 0 0 0 0 0 0 0 0 0 0 0 0 0 0 0 0 0 0 0 0 0 0 0 0 0 0 0 0 0 0 1 0 0 0 0 0 0 0 0 0 0 0 0 0 0 0 0 0 0 0 2445850 52 1783 0 0 5091520 0 0 0 3 0 0 0 0 0 5475 0 198001 0 2 42 1289224 0 2 202483 4 0 8390 0 0 0 0 0 0 0 0 0 0 0 0 0 0 0 0 0 0 0 0 0 0 0 0 0 0 0 0 0 0 0 0 0 0 0 0 0 0 0 0 0 0 0 0 0 0 0 0 0 0 0 0 0 0 0 0 0 0 0 0 0 0 0 0 0 0 0 0 0 0 0 0 0 0 0 3563336 4202122 0 0 0 0 0 0 0 0 0 0 0 0 0 0 0 1 0 1 0 1 0 1 0 0 1 0 1 0 17948 0 0 612 0 0 0 0 2103 0 0 20 0 0 0 0 0 0 0 0 0 0 0 0 0 10 0 0 0 0 0 0 0 11 11 12 0 12 0 52 752 0 0 0 0 0 0 0 743 0 14 0 0 12 0 0 1863 229 0 464 0 0 0 0 0 0 8588 97 7236426 92766 622 31 0 0 0 18 4 4 0 5 0 0 116013 7 0 0 752406
ctxt 826091808
btime 1611513513
processes 288493
procs_running 1
procs_blocked 0
softirq 175407567 14659158 51739474 28359 5901272 8879590 0 11988166 46104015 0 36107533